10 4

0.0000    0.0000    0.0000    0.0000    0.0000    0.0000    0.0000    0.0000    0.0000    1.0000
0.0000    0.0000    1.0000    0.0000    0.0000    0.0000    0.0000    0.0000    0.0000    0.0000
0.0000    0.0000    0.0000    0.0000    0.0000    0.0000    1.0000    0.0000    0.0000    0.0000
0.0000    0.0000    0.0000    0.0000    0.0000    0.0000    0.0000    0.0000    0.0000    1.0000
0.0000    0.0000    0.0000    0.0000    0.0000    0.0000    0.0000    0.0000    1.0000    0.0000
0.0000    0.0000    0.0000    0.0000    0.0000    0.0000    1.0000    0.0000    0.0000    0.0000
0.0000    0.0000    1.0000    0.0000    0.0000    0.0000    0.0000    0.0000    0.0000    0.0000
0.0000    0.0000    0.1036    0.0000    0.0000    0.0452    0.0000    0.8512    0.0000    0.0000
0.0000    0.0000    0.9999    0.0000    0.0000    0.0000    0.0000    0.0001    0.0000    0.0000
0.0904    0.0000    0.0000    0.0000    0.0000    0.0000    0.0000    0.0000    0.0000    0.9096

0.0000    0.0000    0.0000    0.0000    0.0000    0.0000    0.0000    0.0000    0.0000    1.0000
0.0000    0.0000    0.0009    0.0000    0.0000    0.0000    0.0000    0.0000    0.9991    0.0000
0.0000    0.6011    0.0000    0.0000    0.0000    0.0000    0.0000    0.0000    0.0000    0.3989
0.0000    0.0000    0.0000    0.0000    0.0000    1.0000    0.0000    0.0000    0.0000    0.0000
0.0000    1.0000    0.0000    0.0000    0.0000    0.0000    0.0000    0.0000    0.0000    0.0000
0.0000    0.0000    0.8963    0.0000    0.0000    0.0000    0.1037    0.0000    0.0000    0.0000
0.0000    0.0000    0.0000    0.0053    0.6595    0.0000    0.3352    0.0000    0.0000    0.0000
0.0000    0.0000    0.9786    0.0000    0.0000    0.0000    0.0000    0.0214    0.0000    0.0000
1.0000    0.0000    0.0000    0.0000    0.0000    0.0000    0.0000    0.0000    0.0000    0.0000
0.0000    0.0000    0.0000    0.0000    0.0000    0.0000    0.0000    0.0088    0.9912    0.0000

0.0001    0.9937    0.0062    0.0000    0.0000    0.0000    0.0000    0.0000    0.0000    0.0000
0.4338    0.0000    0.5662    0.0000    0.0000    0.0000    0.0000    0.0000    0.0000    0.0000
0.0000    0.0000    0.1088    0.0000    0.0074    0.0000    0.0000    0.0000    0.0000    0.8838
0.0000    0.0000    0.0000    0.0222    0.0000    0.0001    0.0000    0.9709    0.0000    0.0068
0.0000    0.0000    0.0000    0.3066    0.0000    0.0000    0.0000    0.0000    0.6934    0.0000
0.0000    1.0000    0.0000    0.0000    0.0000    0.0000    0.0000    0.0000    0.0000    0.0000
0.0000    0.0000    0.0000    1.0000    0.0000    0.0000    0.0000    0.0000    0.0000    0.0000
0.0000    0.0000    0.0000    0.0000    0.0000    0.0287    0.0000    0.0185    0.0000    0.9528
0.0000    1.0000    0.0000    0.0000    0.0000    0.0000    0.0000    0.0000    0.0000    0.0000
0.0000    0.0000    0.0000    0.0060    0.0000    0.0067    0.0000    0.9873    0.0000    0.0000

0.0000    0.0000    0.0000    0.0000    1.0000    0.0000    0.0000    0.0000    0.0000    0.0000
0.0000    0.0000    0.0000    0.0000    0.0000    0.0000    0.0000    0.0000    0.0000    1.0000
0.0000    0.0000    0.9909    0.0000    0.0001    0.0000    0.0086    0.0000    0.0004    0.0000
0.0000    0.9981    0.0000    0.0000    0.0000    0.0000    0.0019    0.0000    0.0000    0.0000
0.0000    0.0000    0.3142    0.0000    0.0000    0.0000    0.0044    0.0000    0.6814    0.0000
0.0017    0.8506    0.0000    0.0000    0.0000    0.0000    0.0000    0.1477    0.0000    0.0000
0.0000    0.9871    0.0129    0.0000    0.0000    0.0000    0.0000    0.0000    0.0000    0.0000
0.0000    1.0000    0.0000    0.0000    0.0000    0.0000    0.0000    0.0000    0.0000    0.0000
0.0000    0.0000    0.0000    0.0000    0.0330    0.0000    0.0000    0.9670    0.0000    0.0000
0.0000    0.1056    0.0000    0.0000    0.8944    0.0000    0.0000    0.0000    0.0000    0.0000

0.0000    0.0000    0.0000    0.0000    1.0000    0.0000    0.0000    0.0000    0.0000    0.0000
